! Date  2026-02-26
!
! Number of variables            =  125
! Number of equations            =  14586
! LARS implementation of LASSO used
! LASSO alpha =  1.0000e-04
! RMS force error                =  3.3601e+00
! max abs variable               =  5.4906e+02
! number of fitting vars         =  97
! Bayesian Information Criterion =  3.6286e+04
!
USECOUL: false
FITCOUL: false
USE3BCH: true
USE4BCH: false

PAIRTYP: CHEBYSHEV  12 8 0 -1 1

ATOM TYPES: 1

# TYPEIDX #	# ATM_TYP #	# ATMCHRG #	# ATMMASS #
0		Ce		0		140.116

ATOM PAIRS: 1

# PAIRIDX #	# ATM_TY1 #	# ATM_TY1 #	# S_MINIM #	# S_MAXIM #	# CHBDIST #	# MORSE_LAMBDA #
	0               Ce              Ce              2.45            4.35            MORSE           3.3             

FCUT TYPE: TERSOFF 0.5

ATOM PAIR TRIPLETS: 1
ATOM PAIR QUADRUPLETS: 0

PAIR CHEBYSHEV PARAMS 

PAIRTYPE PARAMS: 0 Ce Ce

  0   1.3721318083758e+02
  1  -3.3315873147511e+01
  2   5.7706495624628e+01
  3  -2.5046099777489e+01
  4   1.9199695999947e+01
  5  -7.8848584631620e+00
  6   4.1315667787147e+00
  7  -6.7144174872789e-01
  8   5.2751938784180e-01
  9  -1.6073168374472e-01
 10   7.6274672452861e-02
 11  -8.3577752080632e-03
 
TRIPLET CHEBYSHEV PARAMS 

TRIPLETTYPE PARAMS:
   INDEX: 0 ATOMS: Ce Ce Ce
   PAIRS: CeCe CeCe CeCe UNIQUE: 112 TOTAL: 490
     index  |  powers  |  equiv index  |  param index  |       parameter       
   ----------------------------------------------------------------------------
      0       0  1  1         0               0          4.5045070022417e+01
      1       1  0  1         0               0          4.5045070022417e+01
      2       1  1  0         0               0          4.5045070022417e+01
      3       0  1  2         3               1          7.0685843299255e+01
      4       1  0  2         3               1          7.0685843299255e+01
      5       0  2  1         3               1          7.0685843299255e+01
      6       2  0  1         3               1          7.0685843299255e+01
      7       1  2  0         3               1          7.0685843299255e+01
      8       2  1  0         3               1          7.0685843299255e+01
      9       0  1  3         9               2         -5.0506247678638e+01
      10      1  0  3         9               2         -5.0506247678638e+01
      11      0  3  1         9               2         -5.0506247678638e+01
      12      3  0  1         9               2         -5.0506247678638e+01
      13      1  3  0         9               2         -5.0506247678638e+01
      14      3  1  0         9               2         -5.0506247678638e+01
      15      0  1  4         15              3          0.0000000000000e+00
      16      1  0  4         15              3          0.0000000000000e+00
      17      0  4  1         15              3          0.0000000000000e+00
      18      4  0  1         15              3          0.0000000000000e+00
      19      1  4  0         15              3          0.0000000000000e+00
      20      4  1  0         15              3          0.0000000000000e+00
      21      0  1  5         21              4          1.3597892724262e+01
      22      1  0  5         21              4          1.3597892724262e+01
      23      0  5  1         21              4          1.3597892724262e+01
      24      5  0  1         21              4          1.3597892724262e+01
      25      1  5  0         21              4          1.3597892724262e+01
      26      5  1  0         21              4          1.3597892724262e+01
      27      0  1  6         27              5         -2.4118201091856e+01
      28      1  0  6         27              5         -2.4118201091856e+01
      29      0  6  1         27              5         -2.4118201091856e+01
      30      6  0  1         27              5         -2.4118201091856e+01
      31      1  6  0         27              5         -2.4118201091856e+01
      32      6  1  0         27              5         -2.4118201091856e+01
      33      0  1  7         33              6          3.4161467217865e+00
      34      1  0  7         33              6          3.4161467217865e+00
      35      0  7  1         33              6          3.4161467217865e+00
      36      7  0  1         33              6          3.4161467217865e+00
      37      1  7  0         33              6          3.4161467217865e+00
      38      7  1  0         33              6          3.4161467217865e+00
      39      0  2  2         39              7          1.3277756908487e+02
      40      2  0  2         39              7          1.3277756908487e+02
      41      2  2  0         39              7          1.3277756908487e+02
      42      0  2  3         42              8         -3.0593876103938e+01
      43      2  0  3         42              8         -3.0593876103938e+01
      44      0  3  2         42              8         -3.0593876103938e+01
      45      3  0  2         42              8         -3.0593876103938e+01
      46      2  3  0         42              8         -3.0593876103938e+01
      47      3  2  0         42              8         -3.0593876103938e+01
      48      0  2  4         48              9          2.4100352339207e+01
      49      2  0  4         48              9          2.4100352339207e+01
      50      0  4  2         48              9          2.4100352339207e+01
      51      4  0  2         48              9          2.4100352339207e+01
      52      2  4  0         48              9          2.4100352339207e+01
      53      4  2  0         48              9          2.4100352339207e+01
      54      0  2  5         54              10         2.6298651539875e+01
      55      2  0  5         54              10         2.6298651539875e+01
      56      0  5  2         54              10         2.6298651539875e+01
      57      5  0  2         54              10         2.6298651539875e+01
      58      2  5  0         54              10         2.6298651539875e+01
      59      5  2  0         54              10         2.6298651539875e+01
      60      0  2  6         60              11        -1.0687940621035e+01
      61      2  0  6         60              11        -1.0687940621035e+01
      62      0  6  2         60              11        -1.0687940621035e+01
      63      6  0  2         60              11        -1.0687940621035e+01
      64      2  6  0         60              11        -1.0687940621035e+01
      65      6  2  0         60              11        -1.0687940621035e+01
      66      0  2  7         66              12         6.8720137889039e+00
      67      2  0  7         66              12         6.8720137889039e+00
      68      0  7  2         66              12         6.8720137889039e+00
      69      7  0  2         66              12         6.8720137889039e+00
      70      2  7  0         66              12         6.8720137889039e+00
      71      7  2  0         66              12         6.8720137889039e+00
      72      0  3  3         72              13        -2.8254004197771e+01
      73      3  0  3         72              13        -2.8254004197771e+01
      74      3  3  0         72              13        -2.8254004197771e+01
      75      0  3  4         75              14        -4.6708090481881e+01
      76      3  0  4         75              14        -4.6708090481881e+01
      77      0  4  3         75              14        -4.6708090481881e+01
      78      4  0  3         75              14        -4.6708090481881e+01
      79      3  4  0         75              14        -4.6708090481881e+01
      80      4  3  0         75              14        -4.6708090481881e+01
      81      0  3  5         81              15         0.0000000000000e+00
      82      3  0  5         81              15         0.0000000000000e+00
      83      0  5  3         81              15         0.0000000000000e+00
      84      5  0  3         81              15         0.0000000000000e+00
      85      3  5  0         81              15         0.0000000000000e+00
      86      5  3  0         81              15         0.0000000000000e+00
      87      0  3  6         87              16        -2.4089777434744e+01
      88      3  0  6         87              16        -2.4089777434744e+01
      89      0  6  3         87              16        -2.4089777434744e+01
      90      6  0  3         87              16        -2.4089777434744e+01
      91      3  6  0         87              16        -2.4089777434744e+01
      92      6  3  0         87              16        -2.4089777434744e+01
      93      0  3  7         93              17         1.6833653179640e-01
      94      3  0  7         93              17         1.6833653179640e-01
      95      0  7  3         93              17         1.6833653179640e-01
      96      7  0  3         93              17         1.6833653179640e-01
      97      3  7  0         93              17         1.6833653179640e-01
      98      7  3  0         93              17         1.6833653179640e-01
      99      0  4  4         99              18        -9.8244697225969e+00
      100     4  0  4         99              18        -9.8244697225969e+00
      101     4  4  0         99              18        -9.8244697225969e+00
      102     0  4  5         102             19         0.0000000000000e+00
      103     4  0  5         102             19         0.0000000000000e+00
      104     0  5  4         102             19         0.0000000000000e+00
      105     5  0  4         102             19         0.0000000000000e+00
      106     4  5  0         102             19         0.0000000000000e+00
      107     5  4  0         102             19         0.0000000000000e+00
      108     0  4  6         108             20        -2.8712586391284e+00
      109     4  0  6         108             20        -2.8712586391284e+00
      110     0  6  4         108             20        -2.8712586391284e+00
      111     6  0  4         108             20        -2.8712586391284e+00
      112     4  6  0         108             20        -2.8712586391284e+00
      113     6  4  0         108             20        -2.8712586391284e+00
      114     0  4  7         114             21        -2.0454154044963e+00
      115     4  0  7         114             21        -2.0454154044963e+00
      116     0  7  4         114             21        -2.0454154044963e+00
      117     7  0  4         114             21        -2.0454154044963e+00
      118     4  7  0         114             21        -2.0454154044963e+00
      119     7  4  0         114             21        -2.0454154044963e+00
      120     0  5  5         120             22         3.1772739533655e+00
      121     5  0  5         120             22         3.1772739533655e+00
      122     5  5  0         120             22         3.1772739533655e+00
      123     0  5  6         123             23        -6.0612539671364e+00
      124     5  0  6         123             23        -6.0612539671364e+00
      125     0  6  5         123             23        -6.0612539671364e+00
      126     6  0  5         123             23        -6.0612539671364e+00
      127     5  6  0         123             23        -6.0612539671364e+00
      128     6  5  0         123             23        -6.0612539671364e+00
      129     0  5  7         129             24         6.6005055582349e-01
      130     5  0  7         129             24         6.6005055582349e-01
      131     0  7  5         129             24         6.6005055582349e-01
      132     7  0  5         129             24         6.6005055582349e-01
      133     5  7  0         129             24         6.6005055582349e-01
      134     7  5  0         129             24         6.6005055582349e-01
      135     0  6  6         135             25         3.2444885379087e+00
      136     6  0  6         135             25         3.2444885379087e+00
      137     6  6  0         135             25         3.2444885379087e+00
      138     0  6  7         138             26        -8.0463131973350e-01
      139     6  0  7         138             26        -8.0463131973350e-01
      140     0  7  6         138             26        -8.0463131973350e-01
      141     7  0  6         138             26        -8.0463131973350e-01
      142     6  7  0         138             26        -8.0463131973350e-01
      143     7  6  0         138             26        -8.0463131973350e-01
      144     0  7  7         144             27        -2.6242453636008e-01
      145     7  0  7         144             27        -2.6242453636008e-01
      146     7  7  0         144             27        -2.6242453636008e-01
      147     1  1  1         147             28         0.0000000000000e+00
      148     1  1  2         148             29         0.0000000000000e+00
      149     1  2  1         148             29         0.0000000000000e+00
      150     2  1  1         148             29         0.0000000000000e+00
      151     1  1  3         151             30         0.0000000000000e+00
      152     1  3  1         151             30         0.0000000000000e+00
      153     3  1  1         151             30         0.0000000000000e+00
      154     1  1  4         154             31        -1.3132940658772e+01
      155     1  4  1         154             31        -1.3132940658772e+01
      156     4  1  1         154             31        -1.3132940658772e+01
      157     1  1  5         157             32         0.0000000000000e+00
      158     1  5  1         157             32         0.0000000000000e+00
      159     5  1  1         157             32         0.0000000000000e+00
      160     1  1  6         160             33         0.0000000000000e+00
      161     1  6  1         160             33         0.0000000000000e+00
      162     6  1  1         160             33         0.0000000000000e+00
      163     1  1  7         163             34         1.6681012879859e+01
      164     1  7  1         163             34         1.6681012879859e+01
      165     7  1  1         163             34         1.6681012879859e+01
      166     1  2  2         166             35        -2.9448994271258e+01
      167     2  1  2         166             35        -2.9448994271258e+01
      168     2  2  1         166             35        -2.9448994271258e+01
      169     1  2  3         169             36         0.0000000000000e+00
      170     2  1  3         169             36         0.0000000000000e+00
      171     1  3  2         169             36         0.0000000000000e+00
      172     3  1  2         169             36         0.0000000000000e+00
      173     2  3  1         169             36         0.0000000000000e+00
      174     3  2  1         169             36         0.0000000000000e+00
      175     1  2  4         175             37         1.4742041509740e+01
      176     2  1  4         175             37         1.4742041509740e+01
      177     1  4  2         175             37         1.4742041509740e+01
      178     4  1  2         175             37         1.4742041509740e+01
      179     2  4  1         175             37         1.4742041509740e+01
      180     4  2  1         175             37         1.4742041509740e+01
      181     1  2  5         181             38        -5.9529267726890e+00
      182     2  1  5         181             38        -5.9529267726890e+00
      183     1  5  2         181             38        -5.9529267726890e+00
      184     5  1  2         181             38        -5.9529267726890e+00
      185     2  5  1         181             38        -5.9529267726890e+00
      186     5  2  1         181             38        -5.9529267726890e+00
      187     1  2  6         187             39         0.0000000000000e+00
      188     2  1  6         187             39         0.0000000000000e+00
      189     1  6  2         187             39         0.0000000000000e+00
      190     6  1  2         187             39         0.0000000000000e+00
      191     2  6  1         187             39         0.0000000000000e+00
      192     6  2  1         187             39         0.0000000000000e+00
      193     1  2  7         193             40         0.0000000000000e+00
      194     2  1  7         193             40         0.0000000000000e+00
      195     1  7  2         193             40         0.0000000000000e+00
      196     7  1  2         193             40         0.0000000000000e+00
      197     2  7  1         193             40         0.0000000000000e+00
      198     7  2  1         193             40         0.0000000000000e+00
      199     1  3  3         199             41        -2.7951657688776e+01
      200     3  1  3         199             41        -2.7951657688776e+01
      201     3  3  1         199             41        -2.7951657688776e+01
      202     1  3  4         202             42         0.0000000000000e+00
      203     3  1  4         202             42         0.0000000000000e+00
      204     1  4  3         202             42         0.0000000000000e+00
      205     4  1  3         202             42         0.0000000000000e+00
      206     3  4  1         202             42         0.0000000000000e+00
      207     4  3  1         202             42         0.0000000000000e+00
      208     1  3  5         208             43         6.3068522285534e+00
      209     3  1  5         208             43         6.3068522285534e+00
      210     1  5  3         208             43         6.3068522285534e+00
      211     5  1  3         208             43         6.3068522285534e+00
      212     3  5  1         208             43         6.3068522285534e+00
      213     5  3  1         208             43         6.3068522285534e+00
      214     1  3  6         214             44         0.0000000000000e+00
      215     3  1  6         214             44         0.0000000000000e+00
      216     1  6  3         214             44         0.0000000000000e+00
      217     6  1  3         214             44         0.0000000000000e+00
      218     3  6  1         214             44         0.0000000000000e+00
      219     6  3  1         214             44         0.0000000000000e+00
      220     1  3  7         220             45         0.0000000000000e+00
      221     3  1  7         220             45         0.0000000000000e+00
      222     1  7  3         220             45         0.0000000000000e+00
      223     7  1  3         220             45         0.0000000000000e+00
      224     3  7  1         220             45         0.0000000000000e+00
      225     7  3  1         220             45         0.0000000000000e+00
      226     1  4  4         226             46         4.8139270554169e+01
      227     4  1  4         226             46         4.8139270554169e+01
      228     4  4  1         226             46         4.8139270554169e+01
      229     1  4  5         229             47         1.3628412689915e+00
      230     4  1  5         229             47         1.3628412689915e+00
      231     1  5  4         229             47         1.3628412689915e+00
      232     5  1  4         229             47         1.3628412689915e+00
      233     4  5  1         229             47         1.3628412689915e+00
      234     5  4  1         229             47         1.3628412689915e+00
      235     1  4  6         235             48         6.0339697979074e+00
      236     4  1  6         235             48         6.0339697979074e+00
      237     1  6  4         235             48         6.0339697979074e+00
      238     6  1  4         235             48         6.0339697979074e+00
      239     4  6  1         235             48         6.0339697979074e+00
      240     6  4  1         235             48         6.0339697979074e+00
      241     1  4  7         241             49         5.3325540759149e+00
      242     4  1  7         241             49         5.3325540759149e+00
      243     1  7  4         241             49         5.3325540759149e+00
      244     7  1  4         241             49         5.3325540759149e+00
      245     4  7  1         241             49         5.3325540759149e+00
      246     7  4  1         241             49         5.3325540759149e+00
      247     1  5  5         247             50        -5.7145131402424e+00
      248     5  1  5         247             50        -5.7145131402424e+00
      249     5  5  1         247             50        -5.7145131402424e+00
      250     1  5  6         250             51         0.0000000000000e+00
      251     5  1  6         250             51         0.0000000000000e+00
      252     1  6  5         250             51         0.0000000000000e+00
      253     6  1  5         250             51         0.0000000000000e+00
      254     5  6  1         250             51         0.0000000000000e+00
      255     6  5  1         250             51         0.0000000000000e+00
      256     1  5  7         256             52        -7.4466057979138e+00
      257     5  1  7         256             52        -7.4466057979138e+00
      258     1  7  5         256             52        -7.4466057979138e+00
      259     7  1  5         256             52        -7.4466057979138e+00
      260     5  7  1         256             52        -7.4466057979138e+00
      261     7  5  1         256             52        -7.4466057979138e+00
      262     1  6  6         262             53         0.0000000000000e+00
      263     6  1  6         262             53         0.0000000000000e+00
      264     6  6  1         262             53         0.0000000000000e+00
      265     1  6  7         265             54        -3.9260205420927e+00
      266     6  1  7         265             54        -3.9260205420927e+00
      267     1  7  6         265             54        -3.9260205420927e+00
      268     7  1  6         265             54        -3.9260205420927e+00
      269     6  7  1         265             54        -3.9260205420927e+00
      270     7  6  1         265             54        -3.9260205420927e+00
      271     1  7  7         271             55         5.9307978476533e-01
      272     7  1  7         271             55         5.9307978476533e-01
      273     7  7  1         271             55         5.9307978476533e-01
      274     2  2  2         274             56         5.4906002892068e+02
      275     2  2  3         275             57        -1.8801974327085e+02
      276     2  3  2         275             57        -1.8801974327085e+02
      277     3  2  2         275             57        -1.8801974327085e+02
      278     2  2  4         278             58         1.3409847214204e+02
      279     2  4  2         278             58         1.3409847214204e+02
      280     4  2  2         278             58         1.3409847214204e+02
      281     2  2  5         281             59         5.0488165234787e+01
      282     2  5  2         281             59         5.0488165234787e+01
      283     5  2  2         281             59         5.0488165234787e+01
      284     2  2  6         284             60        -1.5787196749126e+01
      285     2  6  2         284             60        -1.5787196749126e+01
      286     6  2  2         284             60        -1.5787196749126e+01
      287     2  2  7         287             61         1.4159052790529e+01
      288     2  7  2         287             61         1.4159052790529e+01
      289     7  2  2         287             61         1.4159052790529e+01
      290     2  3  3         290             62         3.2905225811346e+01
      291     3  2  3         290             62         3.2905225811346e+01
      292     3  3  2         290             62         3.2905225811346e+01
      293     2  3  4         293             63        -7.1519073692522e+01
      294     3  2  4         293             63        -7.1519073692522e+01
      295     2  4  3         293             63        -7.1519073692522e+01
      296     4  2  3         293             63        -7.1519073692522e+01
      297     3  4  2         293             63        -7.1519073692522e+01
      298     4  3  2         293             63        -7.1519073692522e+01
      299     2  3  5         299             64        -8.7894741269290e+00
      300     3  2  5         299             64        -8.7894741269290e+00
      301     2  5  3         299             64        -8.7894741269290e+00
      302     5  2  3         299             64        -8.7894741269290e+00
      303     3  5  2         299             64        -8.7894741269290e+00
      304     5  3  2         299             64        -8.7894741269290e+00
      305     2  3  6         305             65        -1.6743592458120e+01
      306     3  2  6         305             65        -1.6743592458120e+01
      307     2  6  3         305             65        -1.6743592458120e+01
      308     6  2  3         305             65        -1.6743592458120e+01
      309     3  6  2         305             65        -1.6743592458120e+01
      310     6  3  2         305             65        -1.6743592458120e+01
      311     2  3  7         311             66        -3.6291678528003e-01
      312     3  2  7         311             66        -3.6291678528003e-01
      313     2  7  3         311             66        -3.6291678528003e-01
      314     7  2  3         311             66        -3.6291678528003e-01
      315     3  7  2         311             66        -3.6291678528003e-01
      316     7  3  2         311             66        -3.6291678528003e-01
      317     2  4  4         317             67         0.0000000000000e+00
      318     4  2  4         317             67         0.0000000000000e+00
      319     4  4  2         317             67         0.0000000000000e+00
      320     2  4  5         320             68         2.6610644368161e+01
      321     4  2  5         320             68         2.6610644368161e+01
      322     2  5  4         320             68         2.6610644368161e+01
      323     5  2  4         320             68         2.6610644368161e+01
      324     4  5  2         320             68         2.6610644368161e+01
      325     5  4  2         320             68         2.6610644368161e+01
      326     2  4  6         326             69        -7.5271541981440e+00
      327     4  2  6         326             69        -7.5271541981440e+00
      328     2  6  4         326             69        -7.5271541981440e+00
      329     6  2  4         326             69        -7.5271541981440e+00
      330     4  6  2         326             69        -7.5271541981440e+00
      331     6  4  2         326             69        -7.5271541981440e+00
      332     2  4  7         332             70         0.0000000000000e+00
      333     4  2  7         332             70         0.0000000000000e+00
      334     2  7  4         332             70         0.0000000000000e+00
      335     7  2  4         332             70         0.0000000000000e+00
      336     4  7  2         332             70         0.0000000000000e+00
      337     7  4  2         332             70         0.0000000000000e+00
      338     2  5  5         338             71        -7.6842686127510e+00
      339     5  2  5         338             71        -7.6842686127510e+00
      340     5  5  2         338             71        -7.6842686127510e+00
      341     2  5  6         341             72         2.7057885654900e+00
      342     5  2  6         341             72         2.7057885654900e+00
      343     2  6  5         341             72         2.7057885654900e+00
      344     6  2  5         341             72         2.7057885654900e+00
      345     5  6  2         341             72         2.7057885654900e+00
      346     6  5  2         341             72         2.7057885654900e+00
      347     2  5  7         347             73         0.0000000000000e+00
      348     5  2  7         347             73         0.0000000000000e+00
      349     2  7  5         347             73         0.0000000000000e+00
      350     7  2  5         347             73         0.0000000000000e+00
      351     5  7  2         347             73         0.0000000000000e+00
      352     7  5  2         347             73         0.0000000000000e+00
      353     2  6  6         353             74         4.4374255056630e+00
      354     6  2  6         353             74         4.4374255056630e+00
      355     6  6  2         353             74         4.4374255056630e+00
      356     2  6  7         356             75         0.0000000000000e+00
      357     6  2  7         356             75         0.0000000000000e+00
      358     2  7  6         356             75         0.0000000000000e+00
      359     7  2  6         356             75         0.0000000000000e+00
      360     6  7  2         356             75         0.0000000000000e+00
      361     7  6  2         356             75         0.0000000000000e+00
      362     2  7  7         362             76        -5.5035986415229e-01
      363     7  2  7         362             76        -5.5035986415229e-01
      364     7  7  2         362             76        -5.5035986415229e-01
      365     3  3  3         365             77         0.0000000000000e+00
      366     3  3  4         366             78         0.0000000000000e+00
      367     3  4  3         366             78         0.0000000000000e+00
      368     4  3  3         366             78         0.0000000000000e+00
      369     3  3  5         369             79         2.9500991264837e+01
      370     3  5  3         369             79         2.9500991264837e+01
      371     5  3  3         369             79         2.9500991264837e+01
      372     3  3  6         372             80        -6.2351930068978e-01
      373     3  6  3         372             80        -6.2351930068978e-01
      374     6  3  3         372             80        -6.2351930068978e-01
      375     3  3  7         375             81        -3.4463853869207e+00
      376     3  7  3         375             81        -3.4463853869207e+00
      377     7  3  3         375             81        -3.4463853869207e+00
      378     3  4  4         378             82         0.0000000000000e+00
      379     4  3  4         378             82         0.0000000000000e+00
      380     4  4  3         378             82         0.0000000000000e+00
      381     3  4  5         381             83        -6.7257487610927e+00
      382     4  3  5         381             83        -6.7257487610927e+00
      383     3  5  4         381             83        -6.7257487610927e+00
      384     5  3  4         381             83        -6.7257487610927e+00
      385     4  5  3         381             83        -6.7257487610927e+00
      386     5  4  3         381             83        -6.7257487610927e+00
      387     3  4  6         387             84        -4.2787934393001e+00
      388     4  3  6         387             84        -4.2787934393001e+00
      389     3  6  4         387             84        -4.2787934393001e+00
      390     6  3  4         387             84        -4.2787934393001e+00
      391     4  6  3         387             84        -4.2787934393001e+00
      392     6  4  3         387             84        -4.2787934393001e+00
      393     3  4  7         393             85         3.6062427068484e+00
      394     4  3  7         393             85         3.6062427068484e+00
      395     3  7  4         393             85         3.6062427068484e+00
      396     7  3  4         393             85         3.6062427068484e+00
      397     4  7  3         393             85         3.6062427068484e+00
      398     7  4  3         393             85         3.6062427068484e+00
      399     3  5  5         399             86         8.2194779282947e+00
      400     5  3  5         399             86         8.2194779282947e+00
      401     5  5  3         399             86         8.2194779282947e+00
      402     3  5  6         402             87        -6.5686916098884e-01
      403     5  3  6         402             87        -6.5686916098884e-01
      404     3  6  5         402             87        -6.5686916098884e-01
      405     6  3  5         402             87        -6.5686916098884e-01
      406     5  6  3         402             87        -6.5686916098884e-01
      407     6  5  3         402             87        -6.5686916098884e-01
      408     3  5  7         408             88        -6.8237949211026e+00
      409     5  3  7         408             88        -6.8237949211026e+00
      410     3  7  5         408             88        -6.8237949211026e+00
      411     7  3  5         408             88        -6.8237949211026e+00
      412     5  7  3         408             88        -6.8237949211026e+00
      413     7  5  3         408             88        -6.8237949211026e+00
      414     3  6  6         414             89        -2.9295700326169e+00
      415     6  3  6         414             89        -2.9295700326169e+00
      416     6  6  3         414             89        -2.9295700326169e+00
      417     3  6  7         417             90        -2.0937230321922e+00
      418     6  3  7         417             90        -2.0937230321922e+00
      419     3  7  6         417             90        -2.0937230321922e+00
      420     7  3  6         417             90        -2.0937230321922e+00
      421     6  7  3         417             90        -2.0937230321922e+00
      422     7  6  3         417             90        -2.0937230321922e+00
      423     3  7  7         423             91         0.0000000000000e+00
      424     7  3  7         423             91         0.0000000000000e+00
      425     7  7  3         423             91         0.0000000000000e+00
      426     4  4  4         426             92        -3.2182494156274e+01
      427     4  4  5         427             93         2.0591700937320e+01
      428     4  5  4         427             93         2.0591700937320e+01
      429     5  4  4         427             93         2.0591700937320e+01
      430     4  4  6         430             94         0.0000000000000e+00
      431     4  6  4         430             94         0.0000000000000e+00
      432     6  4  4         430             94         0.0000000000000e+00
      433     4  4  7         433             95        -4.6400312595185e+00
      434     4  7  4         433             95        -4.6400312595185e+00
      435     7  4  4         433             95        -4.6400312595185e+00
      436     4  5  5         436             96         0.0000000000000e+00
      437     5  4  5         436             96         0.0000000000000e+00
      438     5  5  4         436             96         0.0000000000000e+00
      439     4  5  6         439             97         0.0000000000000e+00
      440     5  4  6         439             97         0.0000000000000e+00
      441     4  6  5         439             97         0.0000000000000e+00
      442     6  4  5         439             97         0.0000000000000e+00
      443     5  6  4         439             97         0.0000000000000e+00
      444     6  5  4         439             97         0.0000000000000e+00
      445     4  5  7         445             98         2.5368110207758e+00
      446     5  4  7         445             98         2.5368110207758e+00
      447     4  7  5         445             98         2.5368110207758e+00
      448     7  4  5         445             98         2.5368110207758e+00
      449     5  7  4         445             98         2.5368110207758e+00
      450     7  5  4         445             98         2.5368110207758e+00
      451     4  6  6         451             99         7.2626650500800e+00
      452     6  4  6         451             99         7.2626650500800e+00
      453     6  6  4         451             99         7.2626650500800e+00
      454     4  6  7         454             100       -2.0767133511287e+00
      455     6  4  7         454             100       -2.0767133511287e+00
      456     4  7  6         454             100       -2.0767133511287e+00
      457     7  4  6         454             100       -2.0767133511287e+00
      458     6  7  4         454             100       -2.0767133511287e+00
      459     7  6  4         454             100       -2.0767133511287e+00
      460     4  7  7         460             101        0.0000000000000e+00
      461     7  4  7         460             101        0.0000000000000e+00
      462     7  7  4         460             101        0.0000000000000e+00
      463     5  5  5         463             102       -1.1277979371160e+01
      464     5  5  6         464             103        1.2911527188672e+00
      465     5  6  5         464             103        1.2911527188672e+00
      466     6  5  5         464             103        1.2911527188672e+00
      467     5  5  7         467             104       -7.2963045367531e+00
      468     5  7  5         467             104       -7.2963045367531e+00
      469     7  5  5         467             104       -7.2963045367531e+00
      470     5  6  6         470             105       -1.5865017897803e+00
      471     6  5  6         470             105       -1.5865017897803e+00
      472     6  6  5         470             105       -1.5865017897803e+00
      473     5  6  7         473             106       -9.0892710457571e-01
      474     6  5  7         473             106       -9.0892710457571e-01
      475     5  7  6         473             106       -9.0892710457571e-01
      476     7  5  6         473             106       -9.0892710457571e-01
      477     6  7  5         473             106       -9.0892710457571e-01
      478     7  6  5         473             106       -9.0892710457571e-01
      479     5  7  7         479             107        2.5349145480864e-01
      480     7  5  7         479             107        2.5349145480864e-01
      481     7  7  5         479             107        2.5349145480864e-01
      482     6  6  6         482             108        5.1398586767145e+00
      483     6  6  7         483             109       -5.6935505502883e-01
      484     6  7  6         483             109       -5.6935505502883e-01
      485     7  6  6         483             109       -5.6935505502883e-01
      486     6  7  7         486             110       -1.1613365559462e+00
      487     7  6  7         486             110       -1.1613365559462e+00
      488     7  7  6         486             110       -1.1613365559462e+00
      489     7  7  7         489             111        2.1674324112241e+00


PAIRMAPS: 1
0 CeCe

TRIPMAPS: 1
0 CeCeCeCeCeCe

NO ENERGY OFFSETS:  1
ENERGY OFFSET 1   4.4775572056132e+02
ENDFILE
